2.132 1 1 1
2.132 2 1 1
2.132 3 1 1
2.335 2 1 1
2.335 4 1 1
2.537 1 1 1
2.537 3 1 1
2.807 2 1 1
2.807 3 1 1
2.942 1 1 1
2.942 2 1 1
3.077 4 1 1
3.077 3 1 1
3.212 1 1 1
3.212 3 1 1
3.415 2 1 1
3.415 4 1 1
3.617 1 1 1
3.617 2 1 1
3.752 3 1 1
3.752 4 1 1
3.887 2 1 1
3.887 3 1 1
4.022 1 1 1
4.022 3 1 1
4.292 1 1 1
4.292 3 1 1
4.292 4 1 1
4.495 2 1 1
4.495 3 1 1
4.697 1 1 1
4.697 3 1 1
4.967 3 1 1
4.967 4 1 1
5.102 1 1 1
5.102 3 1 1
5.237 2 1 1
5.237 4 1 1
5.372 3 1 1
5.372 2 1 1
5.575 3 1 1
5.575 4 1 1
5.777 1 1 1
5.777 2 1 1
5.912 4 1 1
5.912 2 1 1
5.980 3 1 1
6.047 2 1 1
6.115 1 1 1
6.182 2 1 1
6.182 4 1 1
6.250 3 1 1
6.317 4 1 1
6.385 2 1 1
6.452 3 1 1
6.520 1 1 1
6.587 3 1 1
6.655 2 1 1
6.722 4 1 1
6.852 1 1 1
6.852 3 1 1
6.852 4 1 1
7.122 1 1 1
7.122 2 1 1
7.122 4 1 1
7.392 1 1 1
7.392 3 1 1
7.392 4 1 1
7.662 1 1 1
7.662 2 1 1
7.662 4 1 1
7.932 1 1 1
7.932 3 1 1
7.932 4 1 1
8.072 1 1 1
8.072 3 1 1
8.072 4 1 1
8.207 2 1 1
8.342 3 1 1
8.342 4 1 1
8.477 1 1 1
8.477 2 1 1
8.612 2 1 1
8.612 4 1 1
8.747 3 1 1
8.747 4 1 1
8.882 1 1 1
8.882 2 1 1
9.017 4 1 1
9.017 3 1 1
9.152 1 1 1
9.152 2 1 1
9.287 2 1 1
9.287 3 1 1
9.422 1 1 1
9.422 4 1 1
9.557 3 1 1
9.557 2 1 1
9.692 1 1 1
9.692 4 1 1
9.827 2 1 1
9.827 3 1 1
9.962 1 1 1
9.962 4 1 1
10.097 3 1 1
10.097 2 1 1
10.232 1 1 1
10.232 4 1 1
10.367 2 1 1
10.367 3 1 1
10.502 1 1 1
10.502 4 1 1
10.637 3 1 1
10.637 2 1 1
10.772 1 1 1
10.772 4 1 1
10.907 2 1 1
10.907 3 1 1
11.042 1 1 1
11.042 4 1 1
11.177 3 1 1
11.177 2 1 1
11.312 1 1 1
11.312 4 1 1
11.447 2 1 1
11.447 3 1 1
11.582 1 1 1
11.582 4 1 1
11.717 3 1 1
11.717 2 1 1
11.852 1 1 1
11.852 4 1 1
11.987 2 1 1
11.987 3 1 1
12.122 1 1 1
12.122 4 1 1
12.257 3 1 1
12.257 2 1 1
12.392 1 1 1
12.392 4 1 1
12.527 2 1 1
12.527 3 1 1
12.662 1 1 1
12.662 4 1 1
12.797 3 1 1
12.797 2 1 1
12.932 1 1 1
12.932 4 1 1
13.067 2 1 1
13.067 3 1 1
13.202 1 1 1
13.202 4 1 1
13.337 3 1 1
13.337 2 1 1
13.472 1 1 1
13.472 4 1 1
13.607 2 1 1
13.607 3 1 1
13.742 1 1 1
13.742 4 1 1
13.877 3 1 1
13.877 2 1 1
14.012 1 1 1
14.012 4 1 1
14.147 2 1 1
14.147 3 1 1
14.282 1 1 1
14.282 4 1 1
14.417 3 1 1
14.417 2 1 1
14.552 1 1 1
14.552 4 1 1
14.687 2 1 1
14.687 3 1 1
14.822 1 1 1
14.822 4 1 1
14.957 3 1 1
14.957 2 1 1
15.092 1 1 1
15.092 3 1 1
15.092 4 1 1
15.362 1 1 1
15.362 2 1 1
15.362 4 1 1
15.632 1 1 1
15.632 3 1 1
15.632 4 1 1
15.902 1 1 1
15.902 2 1 1
15.902 4 1 1
16.172 1 1 1
16.172 3 1 1
16.172 4 1 1
16.307 1 1 1
16.307 3 1 1
16.307 4 1 1
16.442 2 1 1
16.577 3 1 1
16.577 4 1 1
16.712 1 1 1
16.712 2 1 1
16.847 2 1 1
16.847 4 1 1
16.982 3 1 1
16.982 4 1 1
17.117 1 1 1
17.117 2 1 1
17.252 4 1 1
17.252 3 1 1
17.387 1 1 1
17.387 2 1 1
17.522 2 1 1
17.522 3 1 1
17.657 1 1 1
17.657 4 1 1
17.792 3 1 1
17.792 2 1 1
17.927 1 1 1
17.927 4 1 1
18.062 2 1 1
18.062 3 1 1
18.197 1 1 1
18.197 4 1 1
18.332 3 1 1
18.332 2 1 1
18.467 1 1 1
18.467 4 1 1
18.602 2 1 1
18.602 3 1 1
18.737 1 1 1
18.737 4 1 1
18.872 3 1 1
18.872 2 1 1
19.007 1 1 1
19.007 4 1 1
19.142 2 1 1
19.142 3 1 1
19.277 1 1 1
19.277 4 1 1
19.412 3 1 1
19.412 2 1 1
19.547 1 1 1
19.547 4 1 1
19.682 2 1 1
19.682 3 1 1
19.817 1 1 1
19.817 4 1 1
19.952 3 1 1
19.952 2 1 1
20.087 1 1 1
20.087 4 1 1
20.222 2 1 1
20.222 3 1 1
20.357 1 1 1
20.357 4 1 1
20.492 3 1 1
20.492 2 1 1
20.627 1 1 1
20.627 4 1 1
20.762 2 1 1
20.762 3 1 1
20.897 1 1 1
20.897 4 1 1
21.032 3 1 1
21.032 2 1 1
21.167 1 1 1
21.167 4 1 1
21.302 2 1 1
21.302 3 1 1
21.437 1 1 1
21.437 4 1 1
21.572 3 1 1
21.572 2 1 1
21.707 1 1 1
21.707 4 1 1
21.842 2 1 1
21.842 3 1 1
21.977 1 1 1
21.977 4 1 1
22.112 3 1 1
22.112 2 1 1
22.247 1 1 1
22.247 4 1 1
22.382 2 1 1
22.382 3 1 1
22.517 1 1 1
22.517 4 1 1
22.652 3 1 1
22.652 2 1 1
22.787 1 1 1
22.787 4 1 1
22.922 2 1 1
22.922 3 1 1
23.057 1 1 1
23.057 4 1 1
23.192 3 1 1
23.192 2 1 1
23.327 1 1 1
23.327 4 1 1
23.462 2 1 1
23.462 3 1 1
23.597 1 1 1
23.597 4 1 1
23.732 3 1 1
23.732 2 1 1
23.867 1 1 1
23.867 4 1 1
24.002 2 1 1
24.002 3 1 1
24.137 1 1 1
24.137 4 1 1
24.272 3 1 1
24.272 2 1 1
24.407 1 1 1
24.407 4 1 1
24.542 2 1 1
24.542 3 1 1
24.677 1 1 1
24.677 4 1 1
24.812 3 1 1
24.812 2 1 1
24.947 1 1 1
24.947 4 1 1
25.082 2 1 1
25.082 3 1 1
25.217 1 1 1
25.217 4 1 1
25.352 3 1 1
25.352 2 1 1
25.487 1 1 1
25.487 4 1 1
25.622 2 1 1
25.622 3 1 1
25.757 1 1 1
25.757 4 1 1
25.892 4 1 0.27
26.162 2 1 0.27
26.432 3 1 0.27
26.702 1 1 0.27
26.972 4 1 0.27
27.242 2 1 0.27
27.512 3 1 0.27
27.782 1 1 0.27
28.052 4 1 1
28.255 4 1 1
28.457 4 1 1
28.660 1 1 1
28.862 1 1 1
28.997 1 1 1
29.132 3 1 1
29.335 3 1 1
29.537 3 1 1
29.740 2 1 1
29.942 2 1 1
30.077 2 1 1
30.212 4 1 1
30.415 4 1 1
30.617 4 1 1
30.820 3 1 1
31.022 3 1 1
31.157 3 1 1
31.292 1 1 1
31.495 1 1 1
31.697 1 1 1
31.832 2 1 1
31.967 3 1 1
32.102 4 1 1
32.237 3 1 1
32.372 2 1 1
32.575 2 1 1
32.777 2 1 1
32.912 3 1 1
32.947 3 1 1
33.082 4 1 1
33.117 4 1 1
33.252 2 1 1
33.287 2 1 1
33.422 4 1 1
33.457 4 1 1
33.592 1 1 1
33.627 1 1 1
33.762 3 1 1
33.797 3 1 1
33.932 1 1 1
33.967 1 1 1
34.102 4 1 1
34.137 4 1 1
34.272 2 1 1
34.307 2 1 1
34.442 4 1 1
34.477 4 1 1
34.612 1 1 1
34.647 1 1 1
34.782 3 1 1
34.817 3 1 1
34.952 1 1 1
34.987 1 1 1
35.122 4 1 1
35.157 4 1 1
35.292 2 1 1
35.327 2 1 1
35.462 4 1 1
35.497 4 1 1
35.632 1 1 1
35.667 1 1 1
35.802 3 1 1
35.837 3 1 1
35.972 1 1 1
36.007 1 1 1
36.142 4 1 1
36.177 4 1 1
36.312 2 1 1
36.347 2 1 1
36.482 4 1 1
36.517 4 1 1
36.652 1 1 1
36.687 1 1 1
36.822 3 1 1
36.857 3 1 1
36.992 1 1 1
37.027 1 1 1
37.162 4 1 1
37.197 4 1 1
37.332 2 1 1
37.367 2 1 1
37.502 4 1 1
37.537 4 1 1
37.672 1 1 1
37.707 1 1 1
37.842 3 1 1
37.877 3 1 1
38.012 1 1 1
38.047 1 1 1
38.182 4 1 1
38.217 4 1 1
38.352 2 1 1
38.387 2 1 1
38.522 4 1 1
38.557 4 1 1
38.692 1 1 1
38.727 1 1 1
38.862 3 1 1
38.897 3 1 1
39.032 1 1 1
39.067 1 1 1
39.202 4 1 1
39.237 4 1 1
39.372 2 1 1
39.407 2 1 1
39.542 4 1 1
39.577 4 1 1
39.712 1 1 1
39.747 1 1 1
39.882 3 1 1
39.917 3 1 1
40.052 1 1 1
40.087 1 1 1
40.222 4 1 1
40.257 4 1 1
40.392 2 1 1
40.427 2 1 1
40.562 4 1 1
40.597 4 1 1
40.732 1 1 1
40.767 1 1 1
40.902 3 1 1
40.937 3 1 1
41.072 1 1 1
41.107 1 1 1
41.242 4 1 1
41.277 4 1 1
41.412 2 1 1
41.447 2 1 1
41.582 4 1 1
41.617 4 1 1
41.752 1 1 1
41.787 1 1 1
41.922 3 1 1
41.957 3 1 1
42.092 1 1 1
42.127 1 1 1
42.262 4 1 1
42.297 4 1 1
42.432 2 1 1
42.467 2 1 1
42.602 4 1 1
42.637 4 1 1
42.772 1 1 1
42.807 1 1 1
42.942 3 1 1
42.977 3 1 1
43.112 1 1 1
43.147 1 1 1
43.282 4 1 1
43.317 4 1 1
43.452 2 1 1
43.487 2 1 1
43.622 4 1 1
43.657 4 1 1
43.792 1 1 1
43.827 1 1 1
43.962 3 1 1
43.997 3 1 1
44.132 1 1 1
44.167 1 1 1
44.302 4 1 1
44.337 4 1 1
44.472 2 1 1
44.507 2 1 1
44.642 4 1 1
44.677 4 1 1
44.812 1 1 1
44.847 1 1 1
44.982 3 1 1
45.017 3 1 1
45.152 1 1 1
45.187 1 1 1
45.322 4 1 1
45.357 4 1 1
45.492 2 1 1
45.527 2 1 1
45.662 4 1 1
45.697 4 1 1
45.832 1 1 1
45.867 1 1 1
46.002 3 1 1
46.037 3 1 1
46.172 1 1 1
46.207 1 1 1
46.342 4 1 1
46.377 4 1 1
46.512 2 1 1
46.547 2 1 1
46.682 4 1 1
46.717 4 1 1
46.852 1 1 1
46.887 1 1 1
47.022 3 1 1
47.057 3 1 1
47.192 1 1 1
47.227 1 1 1
47.362 4 1 1
47.397 4 1 1
47.532 2 1 1
47.567 2 1 1
47.702 4 1 1
47.737 4 1 1
47.872 1 1 1
47.907 1 1 1
48.042 3 1 1
48.077 3 1 1
48.212 1 1 1
48.247 1 1 1
48.382 4 1 1
48.417 4 1 1
48.552 2 1 1
48.587 2 1 1
48.722 4 1 1
48.757 4 1 1
48.892 1 1 1
48.927 1 1 1
49.062 3 1 1
49.097 3 1 1
49.232 1 1 1
49.267 1 1 1
49.402 4 1 1
49.437 4 1 1
49.572 2 1 1
49.607 2 1 1
49.742 4 1 1
49.777 4 1 1
49.912 1 1 1
49.947 1 1 1
50.082 3 1 1
50.117 3 1 1
50.252 1 1 1
50.287 1 1 1
50.422 4 1 1
50.457 4 1 1
50.592 2 1 1
50.627 2 1 1
50.762 4 1 1
50.797 4 1 1
50.932 1 1 1
50.967 1 1 1
51.102 3 1 1
51.137 3 1 1
51.272 1 1 1
51.307 1 1 1
51.442 4 1 1
51.477 4 1 1
51.612 2 1 1
51.647 2 1 1
51.782 4 1 1
51.817 4 1 1
51.952 1 1 1
51.987 1 1 1
52.122 3 1 1
52.157 3 1 1
52.292 1 1 1
52.327 1 1 1
52.462 4 1 1
52.497 4 1 1
52.632 2 1 1
52.667 2 1 1
52.802 4 1 1
52.837 4 1 1
52.972 1 1 1
53.007 1 1 1
53.142 3 1 1
53.177 3 1 1
53.312 1 1 1
53.347 1 1 1
53.482 4 1 1
53.517 4 1 1
53.652 2 1 1
53.687 2 1 1
53.822 4 1 1
53.857 4 1 1
53.992 1 1 1
54.027 1 1 1
54.162 3 1 1
54.197 3 1 1
54.332 1 1 1
54.367 1 1 1
54.502 4 1 1
54.537 4 1 1
54.672 2 1 1
54.707 2 1 1
54.842 4 1 1
54.877 4 1 1
55.012 1 1 1
55.047 1 1 1
55.182 3 1 1
55.217 3 1 1
55.352 1 1 1
55.387 1 1 1
55.522 4 1 1
55.557 4 1 1
55.692 2 1 1
55.727 2 1 1
55.862 4 1 1
55.897 4 1 1
56.032 1 1 1
56.067 1 1 1
56.202 3 1 1
56.237 3 1 1
56.372 1 1 1
56.407 1 1 1
56.542 4 1 1
56.577 4 1 1
56.712 2 1 1
56.747 2 1 1
56.882 4 1 1
56.917 4 1 1
57.052 1 1 1
57.087 1 1 1
57.222 3 1 1
57.257 3 1 1
57.392 1 1 1
57.427 1 1 1
57.562 4 1 1
57.597 4 1 1
57.732 2 1 1
57.767 2 1 1
57.902 4 1 1
57.937 4 1 1
58.072 1 1 1
58.107 1 1 1
58.242 3 1 1
58.277 3 1 1
58.412 1 1 1
58.447 1 1 1
58.582 4 1 1
58.617 4 1 1
58.752 2 1 1
58.787 2 1 1
58.922 4 1 1
58.957 4 1 1
59.092 1 1 1
59.127 1 1 1
59.262 3 1 1
59.297 3 1 1
59.432 1 1 1
59.467 1 1 1
59.602 4 1 1
59.637 4 1 1
59.772 2 1 1
59.807 2 1 1
59.942 4 1 1
59.977 4 1 1
60.112 1 1 1
60.147 1 1 1
60.282 3 1 1
60.317 3 1 1
60.452 1 1 1
60.487 1 1 1
60.622 4 1 1
60.657 4 1 1
60.792 2 1 1
60.827 2 1 1
60.962 4 1 1
60.997 4 1 1
61.132 1 1 1
61.167 1 1 1
61.302 3 1 1
61.337 3 1 1
61.472 1 1 1
61.507 1 1 1
61.642 4 1 1
61.677 4 1 1
61.812 2 1 1
61.847 2 1 1
61.982 4 1 1
62.017 4 1 1
62.152 1 1 1
62.187 1 1 1
62.322 3 1 1
62.357 3 1 1
62.492 1 1 1
62.527 1 1 1
62.662 4 1 1
62.697 4 1 1
62.832 2 1 1
62.867 2 1 1
63.002 4 1 1
63.037 4 1 1
63.172 1 1 1
63.207 1 1 1
63.342 3 1 1
63.377 3 1 1
63.512 1 1 1
63.547 1 1 1
63.682 4 1 1
63.717 4 1 1
63.852 2 1 1
63.887 2 1 1
64.022 4 1 1
64.057 4 1 1
64.192 1 1 1
64.227 1 1 1
64.362 3 1 1
64.397 3 1 1
64.532 1 1 1
64.567 1 1 1
64.702 4 1 1
64.737 4 1 1
64.872 2 1 1
64.907 2 1 1
65.042 4 1 1
65.077 4 1 1
65.212 1 1 1
65.247 1 1 1
65.382 3 1 1
65.417 3 1 1
65.552 1 1 1
65.587 1 1 1
65.722 4 1 1
65.757 4 1 1
65.892 2 1 1
65.927 2 1 1
66.062 4 1 1
66.097 4 1 1
66.232 1 1 1
66.267 1 1 1
66.402 3 1 1
66.437 3 1 1
66.572 1 1 1
66.607 1 1 1
66.742 4 1 1
66.777 4 1 1
66.912 2 1 1
66.947 2 1 1
67.082 4 1 1
67.117 4 1 1
67.252 1 1 1
67.287 1 1 1
67.422 3 1 1
67.457 3 1 1
67.592 1 1 1
67.627 1 1 1
67.762 4 1 1
67.797 4 1 1
67.932 2 1 1
67.967 2 1 1
68.102 4 1 1
68.137 4 1 1
68.272 1 1 1
68.307 1 1 1
68.442 3 1 1
68.477 3 1 1
68.612 1 1 1
68.647 1 1 1
68.782 4 1 1
68.817 4 1 1
68.952 2 1 1
68.987 2 1 1
69.122 4 1 1
69.157 4 1 1
69.292 1 1 1
69.327 1 1 1
69.462 3 1 1
69.497 3 1 1
69.632 1 1 1
69.667 1 1 1
69.802 4 1 1
69.837 4 1 1
69.972 2 1 1
70.007 2 1 1
70.142 4 1 1
70.177 4 1 1
70.312 1 1 1
70.347 1 1 1
70.482 3 1 1
70.517 3 1 1
70.652 1 1 1
70.687 1 1 1
70.822 4 1 1
70.857 4 1 1
70.992 2 1 1
71.027 2 1 1
71.162 4 1 1
71.197 4 1 1
71.332 1 1 1
71.367 1 1 1
71.502 3 1 1
71.537 3 1 1
71.672 1 1 1
71.707 1 1 1
71.842 4 1 1
71.877 4 1 1
72.012 2 1 1
72.047 2 1 1
72.182 4 1 1
72.217 4 1 1
72.352 1 1 1
72.387 1 1 1
72.522 3 1 1
72.557 3 1 1
72.692 1 1 1
72.727 1 1 1
72.862 4 1 1
72.897 4 1 1
73.032 2 1 1
73.067 2 1 1
73.202 4 1 1
73.237 4 1 1
73.372 1 1 1
73.407 1 1 1
73.542 3 1 1
73.577 3 1 1
73.712 1 1 1
73.747 1 1 1
73.882 4 1 1
73.917 4 1 1
74.052 2 1 1
74.087 2 1 1
74.222 4 1 1
74.257 4 1 1
74.392 1 1 1
74.427 1 1 1
74.562 3 1 1
74.597 3 1 1
74.732 1 1 1
74.767 1 1 1
74.902 4 1 1
74.937 4 1 1
75.072 2 1 1
75.107 2 1 1
75.242 4 1 1
75.277 4 1 1
75.412 1 1 1
75.447 1 1 1
75.582 3 1 1
75.617 3 1 1
75.752 1 1 1
75.787 1 1 1
75.922 4 1 1
75.957 4 1 1
76.092 2 1 1
76.127 2 1 1
76.262 4 1 1
76.297 4 1 1
76.432 1 1 1
76.467 1 1 1
76.602 3 1 1
76.637 3 1 1
76.772 1 1 1
76.807 1 1 1
76.942 4 1 1
76.977 4 1 1
77.112 2 1 1
77.147 2 1 1
77.282 4 1 1
77.317 4 1 1
77.452 1 1 1
77.487 1 1 1
77.622 3 1 1
77.657 3 1 1
77.792 1 1 1
77.827 1 1 1
77.962 4 1 1
77.997 4 1 1
78.132 2 1 1
78.167 2 1 1
78.302 4 1 1
78.337 4 1 1
78.472 1 1 1
78.507 1 1 1
78.642 3 1 1
78.677 3 1 1
78.812 1 1 1
78.847 1 1 1
78.982 4 1 1
79.017 4 1 1
79.152 2 1 1
79.187 2 1 1
79.322 4 1 1
79.357 4 1 1
79.492 1 1 1
79.527 1 1 1
79.662 3 1 1
79.697 3 1 1
79.832 1 1 1
79.867 1 1 1
80.002 4 1 1
80.037 4 1 1
80.172 2 1 1
80.207 2 1 1
80.342 4 1 1
80.377 4 1 1
80.512 1 1 1
80.547 1 1 1
80.682 3 1 1
80.717 3 1 1
80.852 1 1 1
80.887 1 1 1
81.022 4 1 1
81.057 4 1 1
81.192 2 1 1
81.227 2 1 1
81.362 4 1 1
81.397 4 1 1
81.532 1 1 1
81.567 1 1 1
81.702 3 1 1
81.737 3 1 1
81.872 1 1 1
81.907 1 1 1
82.042 4 1 1
82.077 4 1 1
82.212 2 1 1
82.247 2 1 1
82.382 4 1 1
82.417 4 1 1
82.552 1 1 1
82.587 1 1 1
82.722 3 1 1
82.757 3 1 1
82.892 1 1 1
82.927 1 1 1
83.062 4 1 1
83.097 4 1 1
83.232 2 1 1
83.267 2 1 1
83.402 4 1 1
83.437 4 1 1
83.572 1 1 1
83.607 1 1 1
83.742 3 1 1
83.777 3 1 1
83.912 1 1 1
83.947 1 1 1
84.082 4 1 1
84.117 4 1 1
84.252 2 1 1
84.287 2 1 1
84.422 4 1 1
84.457 4 1 1
84.592 1 1 1
84.627 1 1 1
84.762 3 1 1
84.797 3 1 1
84.932 1 1 1
84.967 1 1 1
85.102 4 1 1
85.137 4 1 1
85.272 2 1 1
85.307 2 1 1
85.442 4 1 1
85.477 4 1 1
85.612 1 1 1
85.647 1 1 1
85.782 3 1 1
85.817 3 1 1
85.952 1 1 1
85.987 1 1 1
86.122 4 1 1
86.157 4 1 1
86.292 2 1 1
86.327 2 1 1
86.462 4 1 1
86.497 4 1 1
86.632 1 1 1
86.667 1 1 1
86.802 3 1 1
86.837 3 1 1
86.972 1 1 1
87.007 1 1 1
87.142 4 1 1
87.177 4 1 1
87.312 2 1 1
87.347 2 1 1
87.482 4 1 1
87.517 4 1 1
87.652 1 1 1
87.687 1 1 1
87.822 3 1 1
87.857 3 1 1
87.992 1 1 1
88.027 1 1 1
88.162 4 1 1
88.197 4 1 1
88.332 2 1 1
88.367 2 1 1
88.502 4 1 1
88.537 4 1 1
88.672 1 1 1
88.707 1 1 1
88.842 3 1 1
88.877 3 1 1
89.012 1 1 1
89.047 1 1 1
89.182 4 1 1
89.217 4 1 1
89.352 2 1 1
89.387 2 1 1
89.522 4 1 1
89.557 4 1 1
89.692 1 1 1
89.727 1 1 1
89.862 3 1 1
89.897 3 1 1
90.032 1 1 1
90.067 1 1 1
90.202 4 1 1
90.237 4 1 1
90.372 2 1 1
90.407 2 1 1
90.542 4 1 1
90.577 4 1 1
90.712 1 1 1
90.747 1 1 1
90.882 3 1 1
90.917 3 1 1
91.052 1 1 1
91.087 1 1 1
91.222 4 1 1
91.257 4 1 1
91.392 2 1 1
91.427 2 1 1
91.562 4 1 1
91.597 4 1 1
91.732 1 1 1
91.767 1 1 1
91.902 3 1 1
91.937 3 1 1
92.072 1 1 1
92.107 1 1 1
92.242 4 1 1
92.277 4 1 1
92.412 2 1 1
92.447 2 1 1
92.582 4 1 1
92.617 4 1 1
92.752 1 1 1
92.787 1 1 1
92.922 3 1 1
92.957 3 1 1
93.092 1 1 1
93.127 1 1 1
93.262 4 1 1
93.297 4 1 1
93.432 2 1 1
93.467 2 1 1
93.602 4 1 1
93.637 4 1 1
93.772 1 1 1
93.807 1 1 1
93.942 3 1 1
93.977 3 1 1
94.112 1 1 1
94.147 1 1 1
94.282 4 1 1
94.317 4 1 1
94.452 2 1 1
94.487 2 1 1
94.622 4 1 1
94.657 4 1 1
94.792 1 1 1
94.827 1 1 1
94.962 3 1 1
94.997 3 1 1
95.132 1 1 1
95.167 1 1 1
95.302 4 1 1
95.337 4 1 1
95.472 2 1 1
95.507 2 1 1
95.642 4 1 1
95.677 4 1 1
95.812 1 1 1
95.847 1 1 1
95.982 3 1 1
96.017 3 1 1
96.152 1 1 1
96.187 1 1 1
96.322 4 1 1
96.357 4 1 1
96.492 2 1 1
96.527 2 1 1
96.662 4 1 1
96.697 4 1 1
96.832 1 1 1
96.867 1 1 1
97.002 3 1 1
97.037 3 1 1
97.172 1 1 1
97.207 1 1 1
97.342 4 1 1
97.377 4 1 1
97.512 2 1 1
97.547 2 1 1
97.682 4 1 1
97.717 4 1 1
97.852 1 1 1
97.887 1 1 1
98.022 3 1 1
98.057 3 1 1
98.192 1 1 1
98.227 1 1 1
98.362 4 1 1
98.397 4 1 1
98.532 2 1 1
98.567 2 1 1
98.702 4 1 1
98.737 4 1 1
98.872 1 1 1
98.907 1 1 1
99.042 3 1 1
99.077 3 1 1
99.212 1 1 1
99.247 1 1 1
99.382 4 1 1
99.417 4 1 1
99.552 2 1 1
99.587 2 1 1
99.722 4 1 1
99.757 4 1 1
99.892 1 1 1
99.927 1 1 1
100.062 3 1 1
100.097 3 1 1
100.232 1 1 1
100.267 1 1 1
100.402 4 1 1
100.437 4 1 1
100.572 2 1 1
100.607 2 1 1
100.742 4 1 1
100.777 4 1 1
100.912 1 1 1
100.947 1 1 1
101.082 3 1 1
101.117 3 1 1
101.252 1 1 1
101.287 1 1 1
101.422 4 1 1
101.457 4 1 1
101.592 2 1 1
101.627 2 1 1
101.762 4 1 1
101.797 4 1 1
101.932 1 1 1
101.967 1 1 1
102.102 3 1 1
102.137 3 1 1
102.272 1 1 1
102.307 1 1 1
102.442 4 1 1
102.477 4 1 1
102.612 2 1 1
102.647 2 1 1
102.782 4 1 1
102.817 4 1 1
102.952 1 1 1
102.987 1 1 1
103.122 3 1 1
103.157 3 1 1
103.292 1 1 1
103.327 1 1 1
103.462 4 1 1
103.497 4 1 1
103.632 2 1 1
103.667 2 1 1
103.802 4 1 1
103.837 4 1 1
103.972 1 1 1
104.007 1 1 1
104.142 3 1 1
104.177 3 1 1
104.312 1 1 1
104.347 1 1 1
104.482 4 1 1
104.517 4 1 1
104.652 2 1 1
104.687 2 1 1
104.822 4 1 1
104.857 4 1 1
104.992 1 1 1
105.027 1 1 1
105.162 3 1 1
105.197 3 1 1
105.332 1 1 1
105.367 1 1 1
105.502 4 1 1
105.537 4 1 1
105.672 2 1 1
105.707 2 1 1
105.842 4 1 1
105.877 4 1 1
106.012 1 1 1
106.047 1 1 1
106.182 3 1 1
106.217 3 1 1
106.352 1 1 1
106.387 1 1 1
106.522 4 1 1
106.557 4 1 1
106.692 2 1 1
106.727 2 1 1
106.862 4 1 1
106.897 4 1 1
107.032 1 1 1
107.067 1 1 1
107.202 3 1 1
107.237 3 1 1
107.372 1 1 1
107.407 1 1 1
107.542 4 1 1
107.577 4 1 1
107.712 2 1 1
107.747 2 1 1
107.882 4 1 1
107.917 4 1 1
108.052 1 1 1
108.087 1 1 1
108.222 3 1 1
108.257 3 1 1
108.392 1 1 1
108.427 1 1 1
108.562 4 1 1
108.597 4 1 1
108.732 2 1 1
108.767 2 1 1
108.902 4 1 1
108.937 4 1 1
109.072 1 1 1
109.107 1 1 1
109.242 3 1 1
109.277 3 1 1
109.412 1 1 1
109.447 1 1 1
109.582 4 1 1
109.617 4 1 1
109.752 2 1 1
109.787 2 1 1
109.922 4 1 1
109.957 4 1 1
110.092 1 1 1
110.127 1 1 1
110.262 3 1 1
110.297 3 1 1
110.432 1 1 1
110.467 1 1 1
110.602 4 1 1
110.637 4 1 1
110.772 2 1 1
110.807 2 1 1
110.942 4 1 1
110.977 4 1 1
111.112 1 1 1
111.147 1 1 1
111.282 3 1 1
111.317 3 1 1
111.452 1 1 1
111.487 1 1 1
111.622 4 1 1
111.657 4 1 1
111.792 2 1 1
111.827 2 1 1
111.962 4 1 1
111.997 4 1 1
112.132 1 1 1
112.167 1 1 1
112.302 3 1 1
112.337 3 1 1
112.472 1 1 1
112.507 1 1 1
112.642 4 1 1
112.677 4 1 1
112.812 2 1 1
112.847 2 1 1
112.982 4 1 1
113.017 4 1 1
113.152 1 1 1
113.187 1 1 1
113.322 3 1 1
113.357 3 1 1
113.492 1 1 1
113.527 1 1 1
113.662 4 1 1
113.697 4 1 1
113.832 2 1 1
113.867 2 1 1
114.002 4 1 1
114.037 4 1 1
114.172 1 1 1
114.207 1 1 1
114.342 3 1 1
114.377 3 1 1
114.512 1 1 1
114.547 1 1 1
114.682 4 1 1
114.717 4 1 1
114.852 2 1 1
114.887 2 1 1
115.022 4 1 1
115.057 4 1 1
115.192 1 1 1
115.227 1 1 1
115.362 3 1 1
115.397 3 1 1
115.532 1 1 1
115.567 1 1 1
115.702 4 1 1
115.737 4 1 1
115.872 2 1 1
115.907 2 1 1
116.042 4 1 1
116.077 4 1 1
116.212 1 1 1
116.247 1 1 1
116.382 3 1 1
116.417 3 1 1
116.552 1 1 1
116.587 1 1 1
116.722 4 1 1
116.757 4 1 1
116.892 2 1 1
116.927 2 1 1
117.062 4 1 1
117.097 4 1 1
117.232 1 1 1
117.267 1 1 1
117.402 3 1 1
117.437 3 1 1
117.572 1 1 1
117.607 1 1 1
117.742 4 1 1
117.777 4 1 1
117.912 2 1 1
117.947 2 1 1
118.082 4 1 1
118.117 4 1 1
118.252 1 1 1
118.287 1 1 1
118.422 3 1 1
118.457 3 1 1
118.592 1 1 1
118.627 1 1 1
118.762 4 1 1
118.797 4 1 1
118.932 2 1 1
118.967 2 1 1
119.102 4 1 1
119.137 4 1 1
119.272 1 1 1
119.307 1 1 1
119.442 3 1 1
119.477 3 1 1
119.612 1 1 1
119.647 1 1 1
119.782 4 1 1
119.817 4 1 1
119.952 2 1 1
119.987 2 1 1
120.122 4 1 1
120.157 4 1 1
120.292 1 1 1
120.327 1 1 1
120.462 3 1 1
120.497 3 1 1
120.632 1 1 1
120.667 1 1 1
120.802 4 1 1
120.837 4 1 1
120.972 2 1 1
121.007 2 1 1
121.142 4 1 1
121.177 4 1 1
121.312 1 1 1
121.347 1 1 1
121.482 3 1 1
121.517 3 1 1
121.652 1 1 1
121.687 1 1 1
121.822 4 1 1
121.857 4 1 1
121.992 2 1 1
122.027 2 1 1
122.162 4 1 1
122.197 4 1 1
122.332 1 1 1
122.367 1 1 1
122.502 3 1 1
122.537 3 1 1
122.672 1 1 1
122.707 1 1 1
122.842 4 1 1
122.877 4 1 1
123.012 2 1 1
123.047 2 1 1
123.182 4 1 1
123.217 4 1 1
123.352 1 1 1
123.387 1 1 1
123.522 3 1 1
123.557 3 1 1
123.692 1 1 1
123.727 1 1 1
123.862 4 1 1
123.897 4 1 1
124.032 2 1 1
124.067 2 1 1
124.202 4 1 1
124.237 4 1 1
124.372 1 1 1
124.407 1 1 1
124.542 3 1 1
124.577 3 1 1
124.712 1 1 1
124.747 1 1 1
124.882 4 1 1
124.917 4 1 1
125.052 2 1 1
125.087 2 1 1
125.222 4 1 1
125.257 4 1 1
125.392 1 1 1
125.427 1 1 1
125.562 3 1 1
125.597 3 1 1
125.732 1 1 1
125.767 1 1 1
125.902 4 1 1
125.937 4 1 1
126.072 2 1 1
126.107 2 1 1
126.242 4 1 1
126.277 4 1 1
126.412 1 1 1
126.447 1 1 1
126.582 3 1 1
126.617 3 1 1
126.752 1 1 1
126.787 1 1 1
126.922 4 1 1
126.957 4 1 1
127.092 2 1 1
127.127 2 1 1
127.262 4 1 1
127.297 4 1 1
127.432 1 1 1
127.467 1 1 1
127.602 3 1 1
127.637 3 1 1
127.772 1 1 1
127.807 1 1 1
127.942 4 1 1
127.977 4 1 1
128.112 2 1 1
128.147 2 1 1
128.282 4 1 1
128.317 4 1 1
128.452 1 1 1
128.487 1 1 1
128.622 3 1 1
128.657 3 1 1
128.792 1 1 1
128.827 1 1 1
128.962 4 1 1
128.997 4 1 1
129.132 2 1 1
129.167 2 1 1
129.302 4 1 1
129.337 4 1 1
129.472 1 1 1
129.507 1 1 1
129.642 3 1 1
129.677 3 1 1
129.812 1 1 1
129.847 1 1 1
129.982 4 1 1
130.017 4 1 1
130.152 2 1 1
130.187 2 1 1
130.322 4 1 1
130.357 4 1 1
130.492 1 1 1
130.527 1 1 1
130.662 3 1 1
130.697 3 1 1
130.832 1 1 1
130.867 1 1 1
131.002 4 1 1
131.037 4 1 1
131.172 2 1 1
131.207 2 1 1
131.342 4 1 1
131.377 4 1 1
131.512 1 1 1
131.547 1 1 1
131.682 3 1 1
131.717 3 1 1
131.852 1 1 1
131.887 1 1 1
132.022 4 1 1
132.057 4 1 1
132.192 2 1 1
132.227 2 1 1
132.362 4 1 1
132.397 4 1 1
132.532 1 1 1
132.567 1 1 1
132.702 3 1 1
132.737 3 1 1
132.872 1 1 1
132.907 1 1 1
133.042 4 1 1
133.077 4 1 1
133.212 2 1 1
133.247 2 1 1
133.382 4 1 1
133.417 4 1 1
133.552 1 1 1
133.587 1 1 1
133.722 3 1 1
133.757 3 1 1
133.892 1 1 1
133.927 1 1 1
134.062 4 1 1
134.097 4 1 1
134.232 2 1 1
134.267 2 1 1
134.402 4 1 1
134.437 4 1 1
134.572 1 1 1
134.607 1 1 1
134.742 3 1 1
134.777 3 1 1
134.912 1 1 1
134.947 1 1 1
135.082 4 1 1
135.117 4 1 1
135.252 2 1 1
135.287 2 1 1
135.422 4 1 1
135.457 4 1 1
135.592 1 1 1
135.627 1 1 1
135.762 3 1 1
135.797 3 1 1
135.932 1 1 1
135.967 1 1 1
136.102 4 1 1
136.137 4 1 1
136.272 2 1 1
136.307 2 1 1
136.442 4 1 1
136.477 4 1 1
136.612 1 1 1
136.647 1 1 1
136.782 3 1 1
136.817 3 1 1
136.952 1 1 1
136.987 1 1 1
137.122 4 1 1
137.157 4 1 1
137.292 2 1 1
137.327 2 1 1
137.462 4 1 1
137.497 4 1 1
137.632 1 1 1
137.667 1 1 1
137.802 3 1 1
137.837 3 1 1
137.972 1 1 1
138.007 1 1 1
138.142 4 1 1
138.177 4 1 1
138.312 2 1 1
138.347 2 1 1
138.482 4 1 1
138.517 4 1 1
138.652 1 1 1
138.687 1 1 1
138.822 3 1 1
138.857 3 1 1
138.992 1 1 1
139.027 1 1 1
139.162 4 1 1
139.197 4 1 1
139.332 2 1 1
139.367 2 1 1
139.502 4 1 1
139.537 4 1 1
139.672 1 1 1
139.707 1 1 1
139.842 3 1 1
139.877 3 1 1
140.012 1 1 1
140.047 1 1 1
140.182 4 1 1
140.217 4 1 1
140.352 2 1 1
140.387 2 1 1
140.522 4 1 1
140.557 4 1 1
140.692 1 1 1
140.727 1 1 1
140.862 3 1 1
140.897 3 1 1
141.032 1 1 1
141.067 1 1 1
141.202 4 1 1
141.237 4 1 1
141.372 2 1 1
141.407 2 1 1
141.542 4 1 1
141.577 4 1 1
141.712 1 1 1
141.747 1 1 1
141.882 3 1 1
141.917 3 1 1
142.052 1 1 1
142.087 1 1 1
142.222 4 1 1
142.257 4 1 1
142.392 2 1 1
142.427 2 1 1
142.562 4 1 1
142.597 4 1 1
142.732 1 1 1
142.767 1 1 1
142.902 3 1 1
142.937 3 1 1
143.072 1 1 1
143.107 1 1 1
143.242 4 1 1
143.277 4 1 1
143.412 2 1 1
143.447 2 1 1
143.582 4 1 1
143.617 4 1 1
143.752 1 1 1
143.787 1 1 1
143.922 3 1 1
143.957 3 1 1
144.092 1 1 1
144.127 1 1 1
144.262 4 1 1
144.297 4 1 1
144.432 2 1 1
144.467 2 1 1
144.602 4 1 1
144.637 4 1 1
144.772 1 1 1
144.807 1 1 1
144.942 3 1 1
144.977 3 1 1
145.112 1 1 1
145.147 1 1 1
145.282 4 1 1
145.317 4 1 1
145.452 2 1 1
145.487 2 1 1
145.622 4 1 1
145.657 4 1 1
145.792 1 1 1
145.827 1 1 1
145.962 3 1 1
145.997 3 1 1
146.132 1 1 1
146.167 1 1 1
146.302 4 1 1
146.337 4 1 1
146.472 2 1 1
146.507 2 1 1
146.642 4 1 1
146.677 4 1 1
146.812 1 1 1
146.847 1 1 1
146.982 3 1 1
147.017 3 1 1
147.152 1 1 1
147.187 1 1 1
147.322 4 1 1
147.357 4 1 1
147.492 2 1 1
147.527 2 1 1
147.662 4 1 1
147.697 4 1 1
147.832 1 1 1
147.867 1 1 1
148.032 4 1 1
148.062 4 1 1
148.332 1 1 1
148.362 1 1 1
148.632 2 1 1
148.662 2 1 1
148.932 3 1 1
148.962 3 1 1
149.232 4 1 1
149.262 4 1 1
149.532 1 1 1
149.562 1 1 1
149.832 2 1 1
149.862 2 1 1
150.132 3 1 1
150.162 3 1 1
150.432 4 1 1
150.462 4 1 1
150.732 1 1 1
150.762 1 1 1
151.032 2 1 1
151.062 2 1 1
151.332 3 1 1
151.362 3 1 1
151.632 4 1 1
151.662 4 1 1
151.932 1 1 1
151.962 1 1 1
152.232 2 1 1
152.262 2 1 1
152.532 3 1 1
152.562 3 1 1
152.832 4 1 1
152.862 4 1 1
153.132 1 1 1
153.162 1 1 1
153.432 2 1 1
153.462 2 1 1
153.732 3 1 1
153.762 3 1 1
154.032 4 1 1
154.062 4 1 1
154.332 1 1 1
154.362 1 1 1
154.632 2 1 1
154.662 2 1 1
154.932 3 1 1
154.962 3 1 1
155.232 4 1 1
155.262 4 1 1
155.532 1 1 1
155.562 1 1 1
155.832 2 1 1
155.862 2 1 1
156.132 3 1 1
156.162 3 1 1
156.432 4 1 1
156.462 4 1 1
156.732 1 1 1
156.762 1 1 1
157.032 2 1 1
157.062 2 1 1
157.332 3 1 1
157.362 3 1 1
157.632 4 1 1
157.662 4 1 1
157.932 1 1 1
157.962 1 1 1
158.232 2 1 1
158.262 2 1 1
158.532 3 1 1
158.562 3 1 1
158.832 4 1 1
158.862 4 1 1
159.132 1 1 1
159.162 1 1 1
159.432 2 1 1
159.462 2 1 1
159.732 3 1 1
159.762 3 1 1
160.032 4 1 1
160.062 4 1 1
160.332 1 1 1
160.362 1 1 1
160.632 2 1 1
160.662 2 1 1
160.932 3 1 1
160.962 3 1 1
161.232 4 1 1
161.262 4 1 1
161.532 1 1 1
161.562 1 1 1
161.832 2 1 1
161.862 2 1 1
162.132 3 1 1
162.162 3 1 1
162.432 4 1 1
162.462 4 1 1
162.732 1 1 1
162.762 1 1 1
163.032 2 1 1
163.062 2 1 1
163.332 3 1 1
163.362 3 1 1
163.632 4 1 1
163.662 4 1 1
163.932 1 1 1
163.962 1 1 1
164.232 2 1 1
164.262 2 1 1
164.532 3 1 1
164.562 3 1 1
164.832 4 1 1
164.862 4 1 1
165.132 1 1 1
165.162 1 1 1
165.432 2 1 1
165.462 2 1 1
165.732 3 1 1
165.762 3 1 1
166.032 4 1 1
166.062 4 1 1
166.332 1 1 1
166.362 1 1 1
166.632 2 1 1
166.662 2 1 1
166.932 3 1 1
166.962 3 1 1
167.232 4 1 1
167.262 4 1 1
167.532 1 1 1
167.562 1 1 1
167.832 2 1 1
167.862 2 1 1
168.132 3 1 1
168.162 3 1 1
168.432 4 1 1
168.462 4 1 1
168.732 1 1 1
168.762 1 1 1
169.032 2 1 1
169.062 2 1 1
169.332 3 1 1
169.362 3 1 1
169.632 4 1 1
169.662 4 1 1
169.932 1 1 1
169.962 1 1 1
170.232 2 1 1
170.262 2 1 1
170.532 3 1 1
170.562 3 1 1
170.832 4 1 1
170.862 4 1 1
171.132 1 1 1
171.162 1 1 1
171.432 2 1 1
171.462 2 1 1
171.732 3 1 1
171.762 3 1 1
172.032 4 1 1
172.062 4 1 1
172.332 1 1 1
172.362 1 1 1
172.632 2 1 1
172.662 2 1 1
172.932 3 1 1
172.962 3 1 1
173.232 4 1 1
173.262 4 1 1
173.532 1 1 1
173.562 1 1 1
173.832 2 1 1
173.862 2 1 1
174.132 3 1 1
174.162 3 1 1
174.432 4 1 1
174.462 4 1 1
174.732 1 1 1
174.762 1 1 1
175.032 2 1 1
175.062 2 1 1
175.332 3 1 1
175.362 3 1 1
175.632 4 1 1
175.662 4 1 1
175.932 1 1 1
175.962 1 1 1
176.232 2 1 1
176.262 2 1 1
176.532 3 1 1
176.562 3 1 1
176.832 4 1 1
176.862 4 1 1
177.132 1 1 1
177.162 1 1 1
177.432 2 1 1
177.462 2 1 1
177.732 3 1 1
177.762 3 1 1
178.032 4 1 1
178.062 4 1 1
178.332 1 1 1
178.362 1 1 1
178.632 2 1 1
178.662 2 1 1
178.932 3 1 1
178.962 3 1 1
179.232 4 1 1
179.262 4 1 1
179.532 1 1 1
179.562 1 1 1
179.832 2 1 1
179.862 2 1 1
180.132 3 1 1
180.162 3 1 1
180.432 4 1 1
180.462 4 1 1
180.732 1 1 1
180.762 1 1 1
181.032 2 1 1
181.062 2 1 1
181.332 3 1 1
181.362 3 1 1
181.632 4 1 1
181.662 4 1 1
181.932 1 1 1
181.962 1 1 1
182.232 2 1 1
182.262 2 1 1
182.532 3 1 1
182.562 3 1 1
182.832 4 1 1
182.862 4 1 1
183.132 1 1 1
183.162 1 1 1
183.432 2 1 1
183.462 2 1 1
183.732 3 1 1
183.762 3 1 1
184.032 4 1 1
184.062 4 1 1
184.332 1 1 1
184.362 1 1 1
184.632 2 1 1
184.662 2 1 1
184.932 3 1 1
184.962 3 1 1
185.232 4 1 1
185.262 4 1 1
185.532 1 1 1
185.562 1 1 1
185.832 2 1 1
185.862 2 1 1
186.132 3 1 1
186.162 3 1 1
186.432 4 1 1
186.462 4 1 1
186.732 1 1 1
186.762 1 1 1
187.032 2 1 1
187.062 2 1 1
187.332 3 1 1
187.362 3 1 1
187.632 4 1 1
187.662 4 1 1
187.932 1 1 1
187.962 1 1 1
188.232 2 1 1
188.262 2 1 1
188.532 3 1 1
188.562 3 1 1
188.832 4 1 1
188.862 4 1 1
189.132 1 1 1
189.162 1 1 1
189.432 2 1 1
189.462 2 1 1
189.732 3 1 1
189.762 3 1 1
190.032 4 1 1
190.062 4 1 1
190.332 1 1 1
190.362 1 1 1
190.632 2 1 1
190.662 2 1 1
190.932 3 1 1
190.962 3 1 1
191.232 4 1 1
191.262 4 1 1
191.532 1 1 1
191.562 1 1 1
191.832 2 1 1
191.862 2 1 1
192.132 3 1 1
192.162 3 1 1
192.432 4 1 1
192.462 4 1 1
192.732 1 1 1
192.762 1 1 1
193.032 2 1 1
193.062 2 1 1
193.332 3 1 1
193.362 3 1 1
193.632 4 1 1
193.662 4 1 1
193.932 1 1 1
193.962 1 1 1
194.232 2 1 1
194.262 2 1 1
194.532 3 1 1
194.562 3 1 1
194.832 4 1 1
194.862 4 1 1
195.132 1 1 1
195.162 1 1 1
195.432 2 1 1
195.462 2 1 1
195.732 3 1 1
195.762 3 1 1
196.032 4 1 1
196.062 4 1 1
196.332 1 1 1
196.362 1 1 1
196.632 2 1 1
196.662 2 1 1
196.932 3 1 1
196.962 3 1 1
197.232 4 1 1
197.262 4 1 1
197.532 1 1 1
197.562 1 1 1
197.832 2 1 1
197.862 2 1 1
198.132 3 1 1
198.162 3 1 1
198.432 4 1 1
198.462 4 1 1
198.732 1 1 1
198.762 1 1 1
199.032 2 1 1
199.062 2 1 1
199.332 3 1 1
199.362 3 1 1
199.632 4 1 1
199.662 4 1 1